1 2 1.0
1 6 2.0
2 1 1.0
2 3 2.0
2 6 1.0
2 7 2.0
2 8 1.0
3 9 2.0
4 1 1.0
4 5 2.0
4 11 1.0
5 1 2.0
5 4 1.0
5 6 2.0
5 7 1.0
6 2 2.0
6 29 1.0
7 8 2.0
7 29 1.0
8 3 2.0
8 9 1.0
8 29 2.0
9 3 1.0
9 8 2.0
9 10 1.0
9 18 2.0
9 20 1.0
10 19 2.0
11 4 1.0
11 5 2.0
11 13 1.0
11 15 2.0
12 15 1.0
13 11 2.0
13 14 1.0
13 26 2.0
13 28 1.0
14 16 2.0
15 5 1.0
15 13 2.0
15 29 1.0
16 5 2.0
16 14 1.0
16 25 2.0
16 26 1.0
16 29 2.0
16 24 1.0
17 8 2.0
17 20 1.0
17 25 2.0
17 28 1.0
17 29 2.0
18 8 1.0
18 10 2.0
18 23 1.0
19 10 2.0
19 20 1.0
20 19 2.0
21 20 1.0
21 22 2.0
21 23 1.0
22 20 2.0
22 28 1.0
23 20 2.0
23 22 1.0
23 25 2.0
23 18 1.0
23 22 2.0
24 22 1.0
24 28 2.0
25 16 1.0
25 23 2.0
25 27 1.0
26 13 2.0
26 16 1.0
26 25 2.0
26 27 1.0
27 25 2.0
27 26 1.0
27 18 2.0
28 24 1.0
